1727575814173 0.5263158082962036 0
1727575818937 0.5789473652839661 1
1727575821712 0.6315789222717285 2
1727575824536 0.7631579041481018 3
1727575829634 0.7368420958518982 4
1727575834689 0.7631579041481018 5
1727575837515 0.7368420958518982 6
1727575842378 0.7105262875556946 7
1727575845122 0.7368420958518982 8
1727575850192 0.7368420958518982 9
1727575852876 0.7368420958518982 10
1727575855975 0.8947368264198303 11
1727575858849 0.6578947305679321 12
1727575864184 0.8947368264198303 13
1727575867064 0.8421052694320679 14
1727575872199 0.9473684430122375 15
1727575875132 0.9736841917037964 16
1727575877987 0.9210526347160339 17
1727575880947 0.9473684430122375 18
1727575883979 0.9473684430122375 19
1727575886706 0.9210526347160339 20
1727575889673 1.0 21
1727575894883 0.9210526347160339 22
1727575897787 1.0 23
1727575902759 1.0 24
1727575908035 0.9736841917037964 25
1727575911091 1.0 26
1727575914395 1.0 27
1727575917695 1.0 28
1727575923393 1.0 29
