1727575814173 1.3353118896484375 0
1727575818937 0.7102528214454651 1
1727575821712 0.5500116348266602 2
1727575824536 0.5573179125785828 3
1727575829634 0.5146383047103882 4
1727575834689 0.5068109631538391 5
1727575837515 0.5205057263374329 6
1727575842378 0.4782519042491913 7
1727575845122 0.6236395835876465 8
1727575850192 0.43374598026275635 9
1727575852876 1.0114023685455322 10
1727575855975 0.46452978253364563 11
1727575858849 0.466353178024292 12
1727575864184 0.3865036070346832 13
1727575867064 0.2969770133495331 14
1727575872199 0.2663881182670593 15
1727575875132 0.153971865773201 16
1727575877987 0.40119606256484985 17
1727575880947 0.09918440878391266 18
1727575883979 0.09365054965019226 19
1727575886706 0.0909130722284317 20
1727575889673 0.013904351741075516 21
1727575894883 0.44858717918395996 22
1727575897787 0.07724995911121368 23
1727575902759 0.02031351439654827 24
1727575908035 0.03844210132956505 25
1727575911091 0.007088692393153906 26
1727575914395 0.0022193752229213715 27
1727575917695 0.0012701201485469937 28
1727575923393 0.0007884820224717259 29
