1727567233401 0.5789473652839661 0
1727567236504 0.5789473652839661 1
1727567241629 0.5789473652839661 2
1727567246562 0.7105262875556946 3
1727567251683 0.6842105388641357 4
1727567255139 0.6578947305679321 5
1727567259703 0.7631579041481018 6
1727567262587 0.6315789222717285 7
1727567267833 0.8421052694320679 8
1727567270826 0.7894737124443054 9
1727567276074 0.8421052694320679 10
1727567281290 0.8157894611358643 11
1727567286535 0.7894737124443054 12
1727567289846 0.7894737124443054 13
1727567294928 0.8947368264198303 14
1727567300086 0.8684210777282715 15
1727567305208 0.8947368264198303 16
1727567308392 0.9210526347160339 17
1727567311683 1.0 18
1727567315180 0.9736841917037964 19
1727567318435 1.0 20
1727567321629 1.0 21
1727567326906 0.9210526347160339 22
1727567332016 0.8684210777282715 23
1727567337095 0.9736841917037964 24
1727567340280 1.0 25
1727567343673 1.0 26
1727567348896 1.0 27
1727567353846 1.0 28
1727567357198 1.0 29
