1727567233401 1.378909707069397 0
1727567236504 0.6906127333641052 1
1727567241629 0.7355688214302063 2
1727567246562 0.6541368365287781 3
1727567251683 0.8197243213653564 4
1727567255139 0.614159882068634 5
1727567259703 0.5115699768066406 6
1727567262587 0.6283559203147888 7
1727567267833 0.467609703540802 8
1727567270826 0.4743160903453827 9
1727567276074 0.40623700618743896 10
1727567281290 0.39314910769462585 11
1727567286535 0.5443328619003296 12
1727567289846 0.42679017782211304 13
1727567294928 0.19663314521312714 14
1727567300086 0.9490168690681458 15
1727567305208 0.20706506073474884 16
1727567308392 0.15151090919971466 17
1727567311683 0.04547075554728508 18
1727567315180 0.03849193453788757 19
1727567318435 0.011171001940965652 20
1727567321629 0.005448611918836832 21
1727567326906 0.19278742372989655 22
1727567332016 0.3324781358242035 23
1727567337095 0.06374251842498779 24
1727567340280 0.02407989464700222 25
1727567343673 0.0043181381188333035 26
1727567348896 0.002374031813815236 27
1727567353846 0.0014841182855889201 28
1727567357198 0.0010980445658788085 29
